STEP 1: 2071811818771346000000000000000000000000000000000000000000000000000000000000
STEP12: 24744940905710748000000000000000000000000000000000000000000000000000000000
STEP13: 270517008960191340000000000000000000000000000000000000000000000000000000
STEP20: 3362004909515207300000000000000000000000000000000000000000000000000000
STEP23: 37464445417252820000000000000000000000000000000000000000000000000000
STEP25: 363675317168532430000000000000000000000000000000000000000000000000
STEP29: 3282371666884144500000000000000000000000000000000000000000000000
STEP33: 32831220947915260000000000000000000000000000000000000000000000
STEP41: 318072809592743100000000000000000000000000000000000000000000
STEP42: 5073426975925915000000000000000000000000000000000000000000
STEP43: 142722756042154500000000000000000000000000000000000000000
STEP49: 1798306726131146800000000000000000000000000000000000000
STEP53: 16308106195138690000000000000000000000000000000000000
STEP57: 134374654317854190000000000000000000000000000000000
STEP62: 1371483423944393200000000000000000000000000000000
STEP63: 10366465789451196000000000000000000000000000000
STEP66: 277557541813115770000000000000000000000000000
STEP67: 5202036393831826000000000000000000000000000
STEP71: 74314805626168930000000000000000000000000
STEP74: 631928619270143800000000000000000000000
STEP79: 9586591201964852000000000000000000000
 8 [4][5][4][5][4][5][4][7]
[5][3] 3  6 [5][4][4][5][5]
[4] 7 [3][3] 9 [4] 2 [3][5]
[6] 5 [4][4][4] 7 [4][4][5]
[5][5][3][4] 4  5  7 [3][4]
[5][4][5] 1 [3][4][4] 3 [5]
[5][3] 1 [5][3][4][3] 6  8 
[5][4] 8  5 [4][5][2] 1 [4]
[5] 9 [4][4][6][5] 4 [3][4]
